# Optimized hyperparameters and best trial summaries for Waterbirds100.
# Values are transcribed from finalized sweep logs.

waterbirds100_optimized_hparams:
  vanilla:
    best_trial: 9
    best_value: 0.7453688859675842
    base_lr: 0.031210590691245817
    classifier_lr: 0.0008517287145349147
    momentum: 0.8914661939990524

  abn:
    best_trial: 43
    best_value: 0.7318302419160909
    base_lr: 0.027933817440579763
    classifier_lr: 0.0008096689727354128
    abn_cls_weight: 3.2547104257357056

  upweight:
    best_trial: 28
    best_value: 0.7101535822498677
    base_lr: 0.029039631505422818
    classifier_lr: 9.11321114874417e-05

  clip_lr:
    c: 0.2515000498909345

  afr:
    gamma: 4.0
    reg: 0.0
    best_val_wga: 0.3476
    best_test_at_val: 0.3326
    best_test_groups:
      - 0.9965
      - 0.3326
      - 0.3801
      - 0.9751

  gals_rrr_rn50_maps:
    best_trial: 40
    best_value: 0.736214870865864
    base_lr: 0.005944575911274434
    classifier_lr: 9.490572167826894e-05
    grad_weight: 72503.48035960984
    grad_criterion: L1

  gals_rrr_vit_maps:
    best_trial: 22
    best_value: 0.7392087628452795
    base_lr: 0.01906797717764731
    classifier_lr: 0.0005160317852697908
    grad_weight: 97631.97904483072
    grad_criterion: L1

  gals_abn_vit_maps:
    best_trial: 14
    best_value: 0.7574707023422095
    base_lr: 0.06982314545327961
    classifier_lr: 0.0015704352233420818
    abn_att_weight: 0.49900348131069727

  gals_gradcam_vit_maps:
    best_trial: 44
    best_value: 0.7703320134023759
    base_lr: 0.03954105556061286
    classifier_lr: 9.935665362140806e-05
    cam_weight: 0.09129136575507206

  gals_our_masks:
    best_trial: 32
    best_value: 0.8043068759318339
    base_lr: 0.027832168464276615
    classifier_lr: 1.0338288372941498e-05
    grad_weight: 60190.65400934708
    grad_criterion: L1

  r4rr_gals_rn50_maps:
    best_trial: 20
    best_value: 0.8852060855764143
    attention_epoch: 109
    kl_lambda: 288.89703257693924
    base_lr: 3.982887304406873e-05
    classifier_lr: 0.0017759895768464104
    lr2_mult: 1.5564874514582572

  r4rr_gals_vit_maps:
    best_trial: 15
    best_value: 0.8649963127434792
    attention_epoch: 166
    kl_lambda: 460.7769276807326
    base_lr: 0.00012950411321143717
    classifier_lr: 0.009186916267665055
    lr2_mult: 0.39559934461083607

  r4rr_optimized:
    attention_epoch: 73
    kl_lambda: 495.61
    base_lr: 5.72e-5
    classifier_lr: 3.57e-3
    lr2_mult: 0.123

  r4rr_invert:
    attention_epoch: 38
    kl_lambda: 1.3848179138470018
    base_lr: 0.002864673705012986
    classifier_lr: 1.0252393978291112e-05
    lr2_mult: 0.9556487451458257

  r4rr_joint:
    kl_lambda: 103.49228611349159
    base_lr: 0.0001260781865242534
    classifier_lr: 0.0003636273607591222
